2000000000S
           0            0
        5470            1
         341            1
       21916            1
       22808            1
        4813            1
        3931            1
       31640            1
       35805            1
       17346            1
       18526            1
        6070            1
       17841            1
        6881            1
        6490            1
       17380            1
       53811            1
       59053            1
       25038            1
        3396            1
       58519            1
       61335            1
       60360            1
        5633            1
        3396            1
       -3396           -1
       13576            1
       10537            1
       10672            1
       10537            1
       10686            1
